89.20
37.13
46.91
0.52
56.55
73.21
75.19
62.38
22.54
25.76
48.66
17.27
71.93
93.60
33.71
98.75
7.61
75.91
64.32
59.42
60.11
77.39
30.91
19.95
73.46
53.56
17.16
53.51
31.61
76.94
82.88
81.99
57.21
93.05
98.80
18.05
19.81
55.55
93.82
98.75
59.56
63.66
82.65
91.23
24.84
47.59
93.03
17.93
49.66
39.35
94.11
0.30
96.68
96.06
72.07
96.47
21.00
71.42
47.40
38.82
11.49
75.50
90.12
35.30
2.72
26.14
60.30
26.31
17.29
52.74
62.83
36.73
1.34
4.83
54.93
55.65
95.99
84.90
90.59
79.38
40.35
72.26
66.71
27.31
0.75
76.62
32.63
6.72
91.11
45.49
32.56
2.66
35.59
84.45
97.34
56.51
62.52
20.32
95.88
36.36
8.60
28.93
28.29
0.20
88.46
95.96
40.36
88.48
78.70
69.98
14.41
86.91
70.02
96.85
54.61
75.43
97.96
24.52
57.45
49.84
85.24
21.82
99.55
74.51
93.47
1.21
75.45
23.63
59.80
90.77
77.52
10.55
30.42
12.17
60.17
28.27
9.28
71.55
39.29
91.23
43.80
34.11
58.90
2.99
75.91
73.44
25.08
0.94
24.54
97.67
44.80
18.13
91.42
74.29
24.45
66.14
5.40
45.53
36.95
38.57
33.09
28.68
76.95
74.56
60.33
92.05
10.92
96.55
22.72
88.30
11.87
2.39
49.49
24.45
50.63
44.98
41.38
70.15
70.96
89.23
93.63
23.67
85.45
5.84
79.91
65.39
64.84
25.93
18.99
63.52
14.58
63.47
67.44
73.78
73.57
73.05
34.96
60.37
6.29
64.40
36.34
93.78
0.12
14.07
73.95
51.49
53.71
95.59
0.14
26.93
76.35
61.48
87.40
58.15
98.00
83.57
64.96
68.31
28.41
80.49
26.11
27.98
78.35
48.01
45.70
97.91
61.58
99.76
44.96
63.21
80.72
1.83
49.32
16.39
49.39
21.46
13.17
98.94
76.28
53.43
8.81
44.99
49.93
80.83
52.83
82.37
53.27
22.71
28.45
32.54
34.39
37.04
35.79
69.43
3.11
70.95
17.37
88.17
43.86
36.22
46.05
62.12
2.57
38.09
87.38
86.56
21.83
92.84
65.85
27.41
21.55
14.13
75.32
53.26
1.55
71.25
0.18
31.21
54.75
99.11
32.54
81.17
26.95
76.58
50.22
94.27
41.11
53.22
37.52
58.81
38.19
70.21
39.77
0.61
5.74
98.54
10.46
37.78
37.71
87.45
15.86
44.87
36.01
36.09
23.34
29.74
9.76
67.88
16.22
89.34
65.24
6.04
15.20
97.04
64.35
72.18
48.76
31.07
52.54
27.06
2.87
21.12
86.95
71.60
51.08
7.22
81.74
72.99
24.90
95.68
73.34
70.04
91.23
8.31
89.75
52.46
70.64
17.03
16.58
11.01
76.55
38.61
47.45
94.94
74.79
89.46
34.72
60.69
89.63
67.68
10.19
9.20
58.83
6.20
23.28
18.69
26.11
88.24
79.59
10.66
16.43
37.23
2.96
78.63
42.46
43.21
40.53
44.08
57.75
34.79
71.31
26.17
22.84
52.83
91.23
37.91
31.91
50.36
87.50
47.81
27.30
42.52
12.30
32.64
39.25
57.60
24.31
29.14
64.95
86.70
93.93
16.15
80.86
55.10
90.34
83.42
40.69
37.59
99.88
65.13
54.43
82.92
97.20
48.32
63.29
75.93
72.53
33.23
58.28
71.29
61.80
18.19
72.86
45.99
81.74
7.48
8.56
95.97
29.25
51.16
34.62
41.26
93.27
66.81
47.65
42.07
33.54
95.26
21.96
86.02
47.21
73.00
49.39
84.05
29.26
6.11
76.97
2.48
5.14
37.19
6.94
64.58
24.00
60.76
35.61
5.84
99.27
54.10
60.92
43.58
98.48
6.79
70.93
80.81
82.55
10.21
96.80
75.48
51.34
71.69
41.85
65.65
79.07
88.47
77.90
33.60
45.24
10.02
20.64
38.40
7.15
33.54
73.06
24.66
87.29
46.27
36.29
43.66
31.81
88.80
56.30
30.62
37.37
82.75
46.39
76.29
7.13
87.48
18.55
72.66
46.31
92.97
21.90
1.67
67.73
96.24
37.74
14.53
67.88
85.46
11.48
63.86
4.54
23.93
71.29
64.36
70.14
70.33
1.68
30.69
7.77
36.74
30.43
99.87
94.86
60.57
53.98
47.32
94.56
99.65
9.38
48.16
40.11
7.25
91.47
20.39
93.60
81.63
86.98
60.78
69.07
87.81
68.95
36.42
83.00
27.36
98.75
82.01
68.44
9.66
79.60
31.49
54.27
11.74
51.96
39.91
84.84
92.42
89.30
68.14
78.27
58.46
82.02
79.08
62.62
30.02
91.52
51.14
12.54
74.11
25.92
24.84
13.30
86.40
86.33
20.94
9.80
81.46
96.83
68.07
92.83
83.12
17.53
15.52
95.57
39.64
17.75
37.26
53.15
83.94
4.91
59.87
40.12
92.66
8.77
71.15
78.04
47.24
87.55
1.17
92.93
55.82
67.50
75.48
0.05
81.02
27.28
29.12
93.79
14.46
61.76
81.53
53.58
70.55
29.69
41.86
49.89
66.53
1.78
60.02
25.19
93.07
77.89
28.05
56.63
23.85
76.17
41.09
84.87
89.04
54.16
10.38
34.62
35.19
40.83
69.64
53.97
13.39
36.98
26.29
16.63
44.96
56.55
14.93
52.01
35.82
51.78
28.31
89.87
34.32
55.34
1.11
89.81
21.15
20.62
38.75
84.09
80.17
43.06
9.28
74.49
96.97
17.96
82.50
29.08
94.58
12.57
81.53
71.13
38.64
10.05
33.12
20.81
30.03
5.65
80.53
35.16
81.34
65.70
81.33
78.95
64.11
33.53
56.20
18.90
1.45
91.89
32.36
74.77
82.58
10.10
68.40
86.55
44.83
74.63
55.59
97.93
98.16
36.61
60.99
52.29
87.26
47.70
91.74
70.44
58.78
26.71
2.90
36.43
6.61
88.47
41.96
8.58
72.44
25.49
53.16
64.11
61.12
19.40
50.34
40.78
8.19
61.38
28.61
54.96
2.94
32.61
44.22
69.27
87.67
99.48
7.93
13.12
11.44
96.19
25.66
27.96
52.25
6.75
64.89
24.95
66.74
3.86
31.13
18.34
86.58
67.66
39.67
14.87
94.39
93.39
28.63
63.57
90.08
83.40
46.10
98.88
32.34
30.97
32.93
31.72
58.43
49.25
42.85
27.66
47.66
11.50
62.38
63.49
34.60
25.24
63.43
3.34
29.69
62.54
95.18
95.48
93.41
72.27
43.78
17.93
78.42
8.91
33.49
60.65
37.75
86.00
38.52
37.06
8.88
85.80
98.04
77.91
84.01
43.35
69.47
57.16
38.92
49.08
28.09
20.32
94.31
8.47
77.86
9.75
93.17
46.45
25.03
57.65
94.65
29.73
35.28
93.85
7.90
21.22
10.17
70.07
96.49
1.77
63.53
13.44
6.94
25.76
43.53
2.54
24.70
84.75
54.38
93.11
61.64
44.28
61.94
1.08
22.92
13.88
12.97
43.52
3.37
14.74
2.24
12.50
84.32
49.86
4.68
11.00
82.00
3.62
75.32
14.28
32.35
76.08
76.31
32.52
41.70
36.72
28.53
49.72
62.56
7.50
43.98
68.46
42.62
79.56
18.19
94.01
93.50
57.36
37.88
83.45
23.00
19.11
75.81
50.94
53.98
89.00
85.52
43.92
88.70
60.84
12.65
98.40
30.03
67.68
20.14
2.41
63.50
80.19
24.73
86.35
45.54
52.06
1.61
90.39
50.50
88.32
68.09
12.31
67.82
63.63
90.07
5.44
82.84
40.28
11.96
11.11
91.65
2.93
28.60
89.97
7.21
69.75
29.08
70.96
75.83
99.44
22.48
22.16
73.32
50.96
1.36
15.54
81.91
35.03
53.07
0.90
50.19
34.49
35.56
95.92
33.07
63.41
10.01
23.49
70.29
6.48
96.61
7.10
77.11
37.83
47.52
95.98
23.55
96.93
24.10
40.40
92.34
9.14
83.95
84.46
53.21
49.41
93.00
97.02
47.71
6.18
24.42
24.75
11.00
60.63
85.41
67.22
52.94
90.30
89.41
88.67
8.33
23.17
10.81
89.18
32.83
38.45
3.28
11.34
10.77
2.42
77.41
1.54
20.35
58.69
83.18
57.41
91.52
57.51
14.38
49.10
3.19
26.22
95.17
71.54
21.68
64.78
57.90
18.98
21.23
66.90
97.97
38.55
5.37
16.70
53.51
39.45
17.84
30.85
51.20
99.72
43.49
99.62
84.51
72.69
84.11
